Abomasnow,5,6,494,90,92,75,92,85,60
Abra,11,0,310,25,20,15,105,55,90
Absol,16,0,465,65,130,60,75,60,75
Accelgor,12,0,495,80,70,40,100,60,145
Aegislash,17,14,500,60,50,140,50,140,60
Aerodactyl,13,10,515,80,105,65,60,75,130
Aggron,17,13,530,70,110,180,60,60,50
Aipom,1,0,360,55,70,55,40,55,85
Alakazam,11,0,500,55,50,45,135,95,120
Alcremie,18,0,495,65,60,75,110,121,64
Alomomola,3,0,470,165,75,80,40,45,65
Altaria,15,10,490,75,70,90,70,105,80
Amaura,13,6,362,77,59,50,67,63,46
Ambipom,1,0,482,75,100,66,60,66,115
Amoonguss,5,8,464,114,85,70,85,80,30
Ampharos,4,0,510,90,75,85,115,90,55
Anorith,13,12,355,45,95,50,40,50,75
Appletun,5,15,485,110,85,80,100,80,30
Applin,5,15,260,40,40,80,40,40,20
Araquanid,3,12,454,68,70,92,50,132,42
Arbok,8,0,448,60,95,69,65,79,80
Arcanine,2,0,555,90,110,80,100,80,95
Arceus,1,0,720,120,120,120,120,120,120
Archen,13,10,401,55,112,45,74,45,70
Archeops,13,10,567,75,140,65,112,65,110
Arctovish,3,6,505,90,90,100,80,90,55
Arctozolt,4,6,505,90,100,90,90,80,55
Ariados,12,8,400,70,90,70,60,70,40
Armaldo,13,12,495,75,125,100,70,80,45
Aromatisse,18,0,462,101,72,72,99,89,29
Aron,17,13,330,50,70,100,40,40,30
Arrokuda,3,0,280,41,63,40,40,30,66
Articuno,6,10,580,90,85,100,95,125,85
Audino,1,0,445,103,60,86,60,86,50
Aurorus,13,6,521,123,77,72,99,92,58
Avalugg,6,0,514,95,117,184,44,46,28
Axew,15,0,320,46,87,60,30,40,57
Azelf,11,0,580,75,125,70,125,70,115
Azumarill,3,18,420,100,50,80,60,80,50
Azurill,1,18,190,50,20,40,20,40,20
Bagon,15,0,300,45,75,60,40,30,50
Baltoy,9,11,300,40,40,55,40,70,55
Banette,14,0,455,64,115,65,83,63,65
Barbaracle,13,3,500,72,105,115,54,86,68
Barboach,3,9,288,50,48,43,46,41,60
Barraskewda,3,0,490,61,123,60,60,50,136
Bastiodon,13,17,495,60,52,168,47,138,30
Bayleef,5,0,405,60,62,80,63,80,60
Beartic,6,0,505,95,130,80,70,80,50
Beautifly,12,10,395,60,70,50,100,50,65
Beedrill,12,8,395,65,90,40,45,80,75
Beheeyem,11,0,485,75,75,75,125,95,40
Beldum,17,11,300,40,55,80,35,60,30
Bellossom,5,0,490,75,80,95,90,100,50
Bellsprout,5,8,300,50,75,35,70,30,40
Bergmite,6,0,304,55,69,85,32,35,28
Bewear,1,7,500,120,125,80,55,60,60
Bibarel,1,3,410,79,85,60,55,60,71
Bidoof,1,0,250,59,45,40,35,40,31
Binacle,13,3,306,42,52,67,39,56,50
Bisharp,16,17,490,65,125,100,60,70,70
Blacephalon,2,14,570,53,127,53,151,79,107
Blastoise,3,0,530,79,83,100,85,105,78
Blaziken,2,7,530,80,120,70,110,70,80
Blipbug,12,0,180,25,20,20,25,45,45
Blissey,1,0,540,255,10,10,75,135,55
Blitzle,4,0,295,45,60,32,50,32,76
Boldore,13,0,390,70,105,105,50,40,20
Boltund,4,0,490,69,90,60,90,60,121
Bonsly,13,0,290,50,80,95,10,45,10
Bouffalant,1,0,490,95,110,95,40,95,55
Bounsweet,5,0,210,42,30,38,30,38,32
Braixen,2,0,409,59,59,58,90,70,73
Braviary,1,10,510,100,123,75,57,75,80
Breloom,5,7,460,60,130,80,60,60,70
Brionne,3,0,420,60,69,69,91,81,50
Bronzong,17,11,500,67,89,116,79,116,33
Bronzor,17,11,300,57,24,86,24,86,23
Bruxish,3,11,475,68,105,70,70,70,92
Budew,5,8,280,40,30,35,50,70,55
Buizel,3,0,330,55,65,35,60,30,85
Bulbasaur,5,8,318,45,49,49,65,65,45
Buneary,1,0,350,55,66,44,44,56,85
Bunnelby,1,0,237,38,36,38,32,36,57
Burmy,12,0,224,40,29,45,29,45,36
Butterfree,12,10,395,60,45,50,90,80,70
Buzzwole,12,7,570,107,139,139,53,53,79
Cacnea,5,0,335,50,85,40,85,40,35
Cacturne,5,16,475,70,115,60,115,60,55
Camerupt,2,9,460,70,100,70,105,75,40
Carbink,13,18,500,50,50,150,50,150,50
Carkol,13,2,410,80,60,90,60,70,50
Carnivine,5,0,454,74,100,72,90,72,46
Carracosta,3,13,495,74,108,133,83,65,32
Carvanha,3,16,305,45,90,20,65,20,65
Cascoon,12,0,205,50,35,55,25,25,15
Castform,1,0,420,70,70,70,70,70,70
Caterpie,12,0,195,45,30,35,20,20,45
Celebi,11,5,600,100,100,100,100,100,100
Celesteela,17,10,570,97,101,103,107,101,61
Centiskorch,2,12,525,100,115,65,90,90,65
Chandelure,14,2,520,60,55,90,145,90,80
Chansey,1,0,450,250,5,5,35,105,50
Charizard,2,10,534,78,84,78,109,85,100
Charjabug,12,4,400,57,82,95,55,75,36
Charmander,2,0,309,39,52,43,60,50,65
Charmeleon,2,0,405,58,64,58,80,65,80
Chatot,1,10,411,76,65,45,92,42,91
Cherrim,5,0,450,70,60,70,87,78,85
Cherubi,5,0,275,45,35,45,62,53,35
Chesnaught,5,7,530,88,107,122,74,75,64
Chespin,5,0,313,56,61,65,48,45,38
Chewtle,3,0,284,50,64,50,38,38,44
Chikorita,5,0,318,45,49,65,49,65,45
Chimchar,2,0,309,44,58,44,58,44,61
Chimecho,11,0,455,75,50,80,95,90,65
Chinchou,3,4,330,75,38,38,56,56,67
Chingling,11,0,285,45,30,50,65,50,45
Cinccino,1,0,470,75,95,60,65,60,115
Cinderace,2,0,530,80,116,75,65,75,119
Clamperl,3,0,345,35,64,85,74,55,32
Clauncher,3,0,330,50,53,62,58,63,44
Clawitzer,3,0,500,71,73,88,120,89,59
Claydol,9,11,500,60,70,105,70,120,75
Clefable,18,0,483,95,70,73,95,90,60
Clefairy,18,0,323,70,45,48,60,65,35
Cleffa,18,0,218,50,25,28,45,55,15
Clobbopus,7,0,310,50,68,60,50,50,32
Cloyster,3,6,525,50,95,180,85,45,70
Coalossal,13,2,510,110,80,120,80,90,30
Cobalion,17,7,580,91,90,129,90,72,108
Cofagrigus,14,0,483,58,50,145,95,105,30
Combee,12,10,244,30,30,42,30,42,70
Combusken,2,7,405,60,85,60,85,60,55
Comfey,18,0,485,51,52,90,82,110,100
Conkeldurr,7,0,505,105,140,95,55,65,45
Copperajah,17,0,500,122,130,69,80,69,30
Corphish,3,0,308,43,80,65,50,35,35
Corsola,3,13,410,65,55,95,65,95,35
Corviknight,10,17,495,98,87,105,53,85,67
Corvisquire,10,0,365,68,67,55,43,55,77
Cosmoem,11,0,400,43,29,131,29,131,37
Cosmog,11,0,200,43,29,31,29,31,37
Cottonee,5,18,280,40,27,60,37,50,66
Crabominable,7,6,478,97,132,77,62,67,43
Crabrawler,7,0,338,47,82,57,42,47,63
Cradily,13,5,495,86,81,97,81,107,43
Cramorant,10,3,475,70,85,55,85,95,85
Cranidos,13,0,350,67,125,40,30,30,58
Crawdaunt,3,16,468,63,120,85,90,55,55
Cresselia,11,0,600,120,70,120,75,130,85
Croagunk,8,7,300,48,61,40,61,40,50
Crobat,8,10,535,85,90,80,70,80,130
Croconaw,3,0,405,65,80,80,59,63,58
Crustle,12,13,485,70,105,125,65,75,45
Cryogonal,6,0,515,80,50,50,95,135,105
Cubchoo,6,0,305,55,70,40,60,40,40
Cubone,9,0,320,50,50,95,40,50,35
Cufant,17,0,330,72,80,49,40,49,40
Cursola,14,0,510,60,95,50,145,130,30
Cutiefly,12,18,304,40,45,40,55,40,84
Darkrai,16,0,600,70,90,90,135,90,125
Darmanitan,2,11,540,105,30,105,140,105,55
Dartrix,5,10,420,78,75,75,70,70,52
Darumaka,2,0,315,70,90,45,15,45,50
Decidueye,5,14,530,78,107,75,100,100,70
Dedenne,4,18,431,67,58,57,81,67,101
Deerling,1,5,335,60,60,50,40,50,75
Deino,16,15,300,52,65,50,45,50,38
Delcatty,1,0,400,70,65,65,55,55,90
Delibird,6,10,330,45,55,45,65,45,75
Delphox,2,11,534,75,69,72,114,100,104
Dewgong,3,6,475,90,70,80,70,95,70
Dewott,3,0,413,75,75,60,83,60,60
Dewpider,3,12,269,38,40,52,40,72,27
Dhelmise,14,5,517,70,131,100,86,90,40
Dialga,17,15,680,100,120,120,150,100,90
Diancie,13,18,600,50,100,150,100,150,50
Diggersby,1,9,423,85,56,77,50,77,78
Diglett,9,0,265,10,55,25,35,45,95
Ditto,1,0,288,48,48,48,48,48,48
Dodrio,1,10,470,60,110,70,60,60,110
Doduo,1,10,310,35,85,45,35,35,75
Donphan,9,0,500,90,120,120,60,60,50
Dottler,12,11,335,50,35,80,50,90,30
Doublade,17,14,448,59,110,150,45,49,35
Dracovish,3,15,505,90,90,100,70,80,75
Dracozolt,4,15,505,90,100,90,80,70,75
Dragalge,8,15,494,65,75,90,97,123,44
Dragapult,15,14,600,88,120,75,100,75,142
Dragonair,15,0,420,61,84,65,70,70,70
Dragonite,15,10,600,91,134,95,100,100,80
Drakloak,15,14,410,68,80,50,60,50,102
Drampa,1,15,485,78,60,85,135,91,36
Drapion,8,16,500,70,90,110,60,75,95
Dratini,15,0,300,41,64,45,50,50,50
Drednaw,3,13,485,90,115,90,48,68,74
Dreepy,15,14,270,28,60,30,40,30,82
Drifblim,14,10,498,150,80,44,90,54,80
Drifloon,14,10,348,90,50,34,60,44,70
Drilbur,9,0,328,60,85,40,30,45,68
Drizzile,3,0,420,65,60,55,95,55,90
Drowzee,11,0,328,60,48,45,43,90,42
Druddigon,15,0,485,77,120,90,60,90,48
Dubwool,1,0,490,72,80,100,60,90,88
Ducklett,3,10,305,62,44,50,44,50,55
Dugtrio,9,0,425,35,100,50,50,70,120
Dunsparce,1,0,415,100,70,70,65,65,45
Duosion,11,0,370,65,40,50,125,60,30
Duraludon,17,15,535,70,95,115,120,50,85
Durant,12,17,484,58,109,112,48,48,109
Dusclops,14,0,455,40,70,130,60,130,25
Dusknoir,14,0,525,45,100,135,65,135,45
Duskull,14,0,295,20,40,90,30,90,25
Dustox,12,8,385,60,50,70,50,90,65
Dwebble,12,13,325,50,65,85,35,35,55
Eelektrik,4,0,405,65,85,70,75,70,40
Eelektross,4,0,515,85,115,80,105,80,50
Eevee,1,0,325,55,55,50,45,65,55
Ekans,8,0,288,35,60,44,40,54,55
Eldegoss,5,0,460,60,50,90,80,120,60
Electabuzz,4,0,490,65,83,57,95,85,105
Electivire,4,0,540,75,123,67,95,85,95
Electrike,4,0,295,40,45,40,65,40,65
Electrode,4,0,490,60,50,70,80,80,150
Elekid,4,0,360,45,63,37,65,55,95
Elgyem,11,0,335,55,55,55,85,55,30
Emboar,2,7,528,110,123,65,100,65,65
Emolga,4,10,428,55,75,60,75,60,103
Empoleon,3,17,530,84,86,88,111,101,60
Entei,2,0,580,115,115,85,90,75,100
Escavalier,12,17,495,70,135,105,60,105,20
Espeon,11,0,525,65,65,60,130,95,110
Espurr,11,0,355,62,48,54,63,60,68
Eternatus,8,15,690,140,85,95,145,95,130
Excadrill,9,17,508,110,135,60,50,65,88
Exeggcute,5,11,325,60,40,80,60,45,40
Exeggutor,5,11,530,95,95,85,125,75,55
Exploud,1,0,490,104,91,63,91,73,68
Falinks,7,0,470,65,100,100,70,60,75
Farfetch'd,1,10,377,52,90,55,58,62,60
Fearow,1,10,442,65,90,65,61,61,100
Feebas,3,0,200,20,15,20,10,55,80
Fennekin,2,0,307,40,45,40,62,60,60
Feraligatr,3,0,530,85,105,100,79,83,78
Ferroseed,5,17,305,44,50,91,24,86,10
Ferrothorn,5,17,489,74,94,131,54,116,20
Finneon,3,0,330,49,49,56,49,61,66
Flaaffy,4,0,365,70,55,55,80,60,45
Flabébé,18,0,303,44,38,39,61,79,42
Flapple,5,15,485,70,110,80,95,60,70
Flareon,2,0,525,65,130,60,95,110,65
Fletchinder,2,10,382,62,73,55,56,52,84
Fletchling,1,10,278,45,50,43,40,38,62
Floatzel,3,0,495,85,105,55,85,50,115
Floette,18,0,371,54,45,47,75,98,52
Florges,18,0,552,78,65,68,112,154,75
Flygon,9,15,520,80,100,80,80,80,100
Fomantis,5,0,250,40,55,35,50,35,35
Foongus,5,8,294,69,55,45,55,55,15
Forretress,12,17,465,75,90,140,60,60,40
Fraxure,15,0,410,66,117,70,40,50,67
Frillish,3,14,335,55,40,50,65,85,40
Froakie,3,0,314,41,56,40,62,44,71
Frogadier,3,0,405,54,63,52,83,56,97
Froslass,6,14,480,70,80,70,80,70,110
Frosmoth,6,12,475,70,65,60,125,90,65
Furfrou,1,0,472,75,80,60,65,90,102
Furret,1,0,415,85,76,64,45,55,90
Gabite,15,9,410,68,90,65,50,55,82
Gallade,11,7,518,68,125,65,65,115,80
Galvantula,12,4,472,70,77,60,97,60,108
Garbodor,8,0,474,80,95,82,60,82,75
Garchomp,15,9,600,108,130,95,80,85,102
Gardevoir,11,18,518,68,65,65,125,115,80
Gastly,14,8,310,30,35,30,100,35,80
Gastrodon,3,9,475,111,83,68,92,82,39
Genesect,12,17,600,71,120,95,120,95,99
Gengar,14,8,500,60,65,60,130,75,110
Geodude,13,9,300,40,80,100,30,30,20
Gible,15,9,300,58,70,45,40,45,42
Gigalith,13,0,515,85,135,130,60,80,25
Girafarig,1,11,455,70,80,65,90,65,85
Giratina,14,15,680,150,100,120,100,120,90
Glaceon,6,0,525,65,60,110,130,95,65
Glalie,6,0,480,80,80,80,80,80,80
Glameow,1,0,310,49,55,42,42,37,85
Gligar,9,10,430,65,75,105,35,65,85
Gliscor,9,10,510,75,95,125,45,75,95
Gloom,5,8,395,60,65,70,85,75,40
Gogoat,5,0,531,123,100,62,97,81,68
Golbat,8,10,455,75,80,70,65,75,90
Goldeen,3,0,320,45,67,60,35,50,63
Golduck,3,0,500,80,82,78,95,80,85
Golem,13,9,495,80,120,130,55,65,45
Golett,9,14,303,59,74,50,35,50,35
Golisopod,12,3,530,75,125,140,60,90,40
Golurk,9,14,483,89,124,80,55,80,55
Goodra,15,0,600,90,100,70,110,150,80
Goomy,15,0,300,45,50,35,55,75,40
Gorebyss,3,0,485,55,84,105,114,75,52
Gossifleur,5,0,250,40,40,60,40,60,10
Gothita,11,0,290,45,30,50,55,65,45
Gothitelle,11,0,490,70,55,95,95,110,65
Gothorita,11,0,390,60,45,70,75,85,55
Gourgeist,14,5,494,65,90,122,58,75,84
Granbull,18,0,450,90,120,75,60,60,45
Grapploct,7,0,480,80,118,90,70,80,42
Graveler,13,9,390,55,95,115,45,45,35
Greedent,1,0,460,120,95,95,55,75,20
Greninja,3,16,530,72,95,67,103,71,122
Grimer,8,0,325,80,80,50,40,50,25
Grimmsnarl,16,18,510,95,120,65,95,75,60
Grookey,5,0,310,50,65,50,40,40,65
Grotle,5,0,405,75,89,85,55,65,36
Groudon,9,0,670,100,150,140,100,90,90
Grovyle,5,0,405,50,65,45,85,65,95
Growlithe,2,0,350,55,70,45,70,50,60
Grubbin,12,0,300,47,62,45,55,45,46
Grumpig,11,0,470,80,45,65,90,110,80
Gulpin,8,0,302,70,43,53,43,53,40
Gumshoos,1,0,418,88,110,60,55,60,45
Gurdurr,7,0,405,85,105,85,40,50,40
Guzzlord,16,15,570,223,101,53,97,53,43
Gyarados,3,10,540,95,125,79,60,100,81
Hakamo-o,15,7,420,55,75,90,65,70,65
Happiny,1,0,220,100,5,5,15,65,30
Hariyama,7,0,474,144,120,60,40,60,50
Hatenna,11,0,265,42,30,45,56,53,39
Hatterene,11,18,510,57,90,95,136,103,29
Hattrem,11,0,370,57,40,65,86,73,49
Haunter,14,8,405,45,50,45,115,55,95
Hawlucha,7,10,500,78,92,75,74,63,118
Haxorus,15,0,540,76,147,90,60,70,97
Heatmor,2,0,484,85,97,66,105,66,65
Heatran,2,17,600,91,90,106,130,106,77
Heliolisk,4,1,481,62,55,52,109,94,109
Helioptile,4,1,289,44,38,33,61,43,70
Heracross,12,7,500,80,125,75,40,95,85
Herdier,1,0,370,65,80,65,35,65,60
Hippopotas,9,0,330,68,72,78,38,42,32
Hippowdon,9,0,525,108,112,118,68,72,47
Hitmonchan,7,0,455,50,105,79,35,110,76
Hitmonlee,7,0,455,50,120,53,35,110,87
Hitmontop,7,0,455,50,95,95,35,110,70
Honchkrow,16,10,505,100,125,52,105,52,71
Honedge,17,14,325,45,80,100,35,37,28
Ho-oh,2,10,680,106,130,90,110,154,90
Hoopa,11,14,600,80,110,60,150,130,70
Hoothoot,1,10,262,60,30,30,36,56,50
Hoppip,5,10,250,35,35,40,35,55,50
Horsea,3,0,295,30,40,70,70,25,60
Houndoom,16,2,500,75,90,50,110,80,95
Houndour,16,2,330,45,60,30,80,50,65
Huntail,3,0,485,55,104,105,94,75,52
Hydreigon,16,15,600,92,105,90,125,90,98
Hypno,11,0,483,85,73,70,73,115,67
Igglybuff,1,18,210,90,30,15,40,20,15
Illumise,12,0,430,65,47,75,73,85,85
Impidimp,16,18,265,45,45,30,55,40,50
Incineroar,2,16,530,95,115,90,80,90,60
Indeedee,11,1,475,60,65,55,105,95,95
Infernape,2,7,534,76,104,71,104,71,108
Inkay,16,11,288,53,54,53,37,46,45
Inteleon,3,0,530,70,85,65,125,65,120
Ivysaur,5,8,405,60,62,63,80,80,60
Jangmo-o,15,0,300,45,55,65,45,45,45
Jellicent,3,14,480,100,60,70,85,105,60
Jigglypuff,1,18,270,115,45,20,45,25,20
Jirachi,17,11,600,100,100,100,100,100,100
Jolteon,4,0,525,65,65,60,110,95,130
Joltik,12,4,319,50,47,50,57,50,65
Jumpluff,5,10,460,75,55,70,55,95,110
Jynx,6,11,455,65,50,35,115,95,95
Kabuto,13,3,355,30,80,90,55,45,55
Kabutops,13,3,495,60,115,105,65,70,80
Kadabra,11,0,400,40,35,30,120,70,105
Kakuna,12,8,205,45,25,50,25,25,35
Kangaskhan,1,0,490,105,95,80,40,80,90
Karrablast,12,0,315,50,75,45,40,45,60
Kartana,5,17,570,59,181,131,59,31,109
Kecleon,1,0,440,60,90,70,60,120,40
Keldeo,3,7,580,91,72,90,129,90,108
Kingdra,3,15,540,75,95,95,95,95,85
Kingler,3,0,475,55,130,115,50,50,75
Kirlia,11,18,278,38,35,35,65,55,50
Klang,17,0,440,60,80,95,70,85,50
Klefki,17,18,470,57,80,91,80,87,75
Klink,17,0,300,40,55,70,45,60,30
Klinklang,17,0,520,60,100,115,70,85,90
Koffing,8,0,340,40,65,95,60,45,35
Komala,1,0,480,65,115,65,75,95,65
Kommo-o,15,7,600,75,110,125,100,105,85
Krabby,3,0,325,30,105,90,25,25,50
Kricketot,12,0,194,37,25,41,25,41,25
Kricketune,12,0,384,77,85,51,55,51,65
Krokorok,9,16,351,60,82,45,45,45,74
Krookodile,9,16,519,95,117,80,65,70,92
Kubfu,7,0,385,60,90,60,53,50,72
Kyogre,3,0,670,100,100,90,150,140,90
Kyurem,15,6,660,125,130,90,130,90,95
Lairon,17,13,430,60,90,140,50,50,40
Lampent,14,2,370,60,40,60,95,60,55
Landorus,9,10,600,89,125,90,115,80,101
Lanturn,3,4,460,125,58,58,76,76,67
Lapras,3,6,535,130,85,80,85,95,60
Larvesta,12,2,360,55,85,55,50,55,60
Larvitar,13,9,300,50,64,50,45,50,41
Latias,15,11,600,80,80,90,110,130,110
Latios,15,11,600,80,90,80,130,110,110
Leafeon,5,0,525,65,110,130,60,65,95
Leavanny,12,5,500,75,103,80,70,80,92
Ledian,12,10,390,55,35,50,55,110,85
Ledyba,12,10,265,40,20,30,40,80,55
Lickilicky,1,0,515,110,85,95,80,95,50
Lickitung,1,0,385,90,55,75,60,75,30
Liepard,16,0,446,64,88,50,88,50,106
Lileep,13,5,355,66,41,77,61,87,23
Lilligant,5,0,480,70,60,75,110,75,90
Lillipup,1,0,275,45,60,45,25,45,55
Linoone,1,0,420,78,70,61,50,61,100
Litleo,2,1,369,62,50,58,73,54,72
Litten,2,0,320,45,65,40,60,40,70
Litwick,14,2,275,50,30,55,65,55,20
Lombre,3,5,340,60,50,50,60,70,50
Lopunny,1,0,480,65,76,84,54,96,105
Lotad,3,5,220,40,30,30,40,50,30
Loudred,1,0,360,84,71,43,71,43,48
Lucario,7,17,525,70,110,70,115,70,90
Ludicolo,3,5,480,80,70,70,90,100,70
Lugia,11,10,680,106,90,130,90,154,110
Lumineon,3,0,460,69,69,76,69,86,91
Lunala,11,14,680,137,113,89,137,107,97
Lunatone,13,11,460,90,55,65,95,85,70
Lurantis,5,0,480,70,105,90,80,90,45
Luvdisc,3,0,330,43,30,55,40,65,97
Luxio,4,0,363,60,85,49,60,49,60
Luxray,4,0,523,80,120,79,95,79,70
Machamp,7,0,505,90,130,80,65,85,55
Machoke,7,0,405,80,100,70,50,60,45
Machop,7,0,305,70,80,50,35,35,35
Magby,2,0,365,45,75,37,70,55,83
Magcargo,2,13,430,60,50,120,90,80,30
Magearna,17,18,600,80,95,115,130,115,65
Magikarp,3,0,200,20,10,55,15,20,80
Magmar,2,0,495,65,95,57,100,85,93
Magmortar,2,0,540,75,95,67,125,95,83
Magnemite,4,17,325,25,35,70,95,55,45
Magneton,4,17,465,50,60,95,120,70,70
Magnezone,4,17,535,70,70,115,130,90,60
Makuhita,7,0,237,72,60,30,20,30,25
Malamar,16,11,482,86,92,88,68,75,73
Mamoswine,6,9,530,110,130,80,70,60,80
Manaphy,3,0,600,100,100,100,100,100,100
Mandibuzz,16,10,510,110,65,105,55,95,80
Manectric,4,0,475,70,75,60,105,60,105
Mankey,7,0,305,40,80,35,35,45,70
Mantine,3,10,485,85,40,70,80,140,70
Mantyke,3,10,345,45,20,50,60,120,50
Maractus,5,0,461,75,86,67,106,67,60
Mareanie,8,3,305,50,53,62,43,52,45
Mareep,4,0,280,55,40,40,65,45,35
Marill,3,18,250,70,20,50,20,50,40
Marowak,9,0,425,60,80,110,50,80,45
Marshadow,7,14,600,90,125,80,90,90,125
Marshtomp,3,9,405,70,85,70,60,70,50
Masquerain,12,10,454,70,60,62,100,82,80
Mawile,17,18,380,50,85,85,55,55,50
Medicham,7,11,410,60,60,75,60,75,80
Meditite,7,11,280,30,40,55,40,55,60
Meganium,5,0,525,80,82,100,83,100,80
Melmetal,17,0,600,135,143,143,80,65,34
Meloetta,1,11,600,100,77,77,128,128,90
Meltan,17,0,300,46,65,65,55,35,34
Meowth,1,0,290,40,45,35,40,40,90
Mesprit,11,0,580,80,105,105,105,105,80
Metagross,17,11,600,80,135,130,95,90,70
Metang,17,11,420,60,75,100,55,80,50
Metapod,12,0,205,50,20,55,25,25,30
Mewtwo,11,0,680,106,110,90,154,90,130
Mienfoo,7,0,350,45,85,50,55,50,65
Mienshao,7,0,510,65,125,60,95,60,105
Mightyena,16,0,420,70,90,70,60,60,70
Milcery,18,0,270,45,40,40,50,61,34
Milotic,3,0,540,95,60,79,100,125,81
Miltank,1,0,490,95,80,105,40,70,100
Mime Jr.,11,18,310,20,25,45,70,90,60
Mimikyu,14,18,476,55,90,80,50,105,96
Minccino,1,0,300,55,50,40,40,40,75
Minior,13,10,440,60,60,100,60,100,60
Minun,4,0,405,60,40,50,75,85,95
Misdreavus,14,0,435,60,60,60,85,85,85
Mismagius,14,0,495,60,60,60,105,105,105
Moltres,2,10,580,90,100,90,125,85,90
Monferno,2,7,405,64,78,52,78,52,81
Morelull,5,18,285,40,35,55,65,75,15
Morgrem,16,18,370,65,60,45,75,55,70
Morpeko,4,16,436,58,95,58,70,58,97
Mothim,12,10,424,70,94,50,94,50,66
Mr. Mime,11,18,460,40,45,65,100,120,90
Mr. Rime,11,6,520,80,85,75,110,100,70
Mudbray,9,0,385,70,100,70,45,55,45
Mudkip,3,0,310,50,70,50,50,50,40
Mudsdale,9,0,500,100,125,100,55,85,35
Muk,8,0,500,105,105,75,65,100,50
Munchlax,1,0,390,135,85,40,40,85,5
Munna,11,0,292,76,25,45,67,55,24
Murkrow,16,10,405,60,85,42,85,42,91
Musharna,11,0,487,116,55,85,107,95,29
Naganadel,8,15,540,73,73,73,127,73,121
Natu,11,10,320,40,50,45,70,45,70
Necrozma,11,0,600,97,107,101,127,89,79
Nickit,16,0,245,40,28,28,47,52,50
Nidoking,8,9,505,81,102,77,85,75,85
Nidoqueen,8,9,505,90,92,87,75,85,76
Nidoran♀,8,0,275,55,47,52,40,40,41
Nidoran♂,8,0,273,46,57,40,40,40,50
Nidorina,8,0,365,70,62,67,55,55,56
Nidorino,8,0,365,61,72,57,55,55,65
Nihilego,13,8,570,109,53,47,127,131,103
Nincada,12,9,266,31,45,90,30,30,40
Ninetales,2,0,505,73,76,75,81,100,100
Ninjask,12,10,456,61,90,45,50,50,160
Noctowl,1,10,452,100,50,50,86,96,70
Noibat,10,15,245,40,30,35,45,40,55
Noivern,10,15,535,85,70,80,97,80,123
Nosepass,13,0,375,30,45,135,45,90,30
Numel,2,9,305,60,60,40,65,45,35
Nuzleaf,5,16,340,70,70,40,60,40,60
Obstagoon,16,1,520,93,90,101,60,81,95
Octillery,3,0,480,75,105,75,105,75,45
Oddish,5,8,320,45,50,55,75,65,30
Omanyte,13,3,355,35,40,100,90,55,35
Omastar,13,3,495,70,60,125,115,70,55
Onix,13,9,385,35,45,160,30,45,70
Oranguru,1,11,490,90,60,80,90,110,60
Orbeetle,12,11,505,60,45,110,80,120,90
Oricorio,2,10,476,75,70,70,98,70,93
Oshawott,3,0,308,55,55,45,63,45,45
Pachirisu,4,0,405,60,45,70,45,90,95
Palkia,3,15,680,90,120,100,150,120,100
Palossand,14,9,480,85,75,110,100,75,35
Palpitoad,3,9,384,75,65,55,65,55,69
Pancham,7,0,348,67,82,62,46,48,43
Pangoro,7,16,495,95,124,78,69,71,58
Panpour,3,0,316,50,53,48,53,48,64
Paras,12,5,285,35,70,55,45,55,25
Parasect,12,5,405,60,95,80,60,80,30
Passimian,7,0,490,100,120,90,40,60,80
Patrat,1,0,255,45,55,39,35,39,42
Pawniard,16,17,340,45,85,70,40,40,60
Pelipper,3,10,440,60,50,100,95,70,65
Perrserker,17,0,440,70,110,100,50,60,50
Persian,1,0,440,65,70,60,65,65,115
Petilil,5,0,280,45,35,50,70,50,30
Phanpy,9,0,330,90,60,60,40,40,40
Phantump,14,5,309,43,70,48,50,60,38
Pheromosa,12,7,570,71,137,37,137,37,151
Pichu,4,0,205,20,40,15,35,35,60
Pidgeot,1,10,479,83,80,75,70,70,101
Pidgeotto,1,10,349,63,60,55,50,50,71
Pidgey,1,10,251,40,45,40,35,35,56
Pidove,1,10,264,50,55,50,36,30,43
Pignite,2,7,418,90,93,55,70,55,55
Pikachu,4,0,320,35,55,40,50,50,90
Pikipek,1,10,265,35,75,30,30,30,65
Piloswine,6,9,450,100,100,80,60,60,50
Pincurchin,4,0,435,48,101,95,91,85,15
Pineco,12,0,290,50,65,90,35,35,15
Pinsir,12,0,500,65,125,100,55,70,85
Piplup,3,0,314,53,51,53,61,56,40
Plusle,4,0,405,60,50,40,85,75,95
Poipole,8,0,420,67,73,67,73,67,73
Politoed,3,0,500,90,75,75,90,100,70
Poliwag,3,0,300,40,50,40,40,40,90
Poliwhirl,3,0,385,65,65,65,50,50,90
Poliwrath,3,7,510,90,95,95,70,90,70
Polteageist,14,0,508,60,65,65,134,114,70
Ponyta,2,0,410,50,85,55,65,65,90
Poochyena,16,0,220,35,55,35,30,30,35
Popplio,3,0,320,50,54,54,66,56,40
Porygon,1,0,395,65,60,70,85,75,40
Porygon2,1,0,515,85,80,90,105,95,60
Porygon-Z,1,0,535,85,80,70,135,75,90
Primarina,3,18,530,80,74,74,126,116,60
Primeape,7,0,455,65,105,60,60,70,95
Prinplup,3,0,405,64,66,68,81,76,50
Probopass,13,17,525,60,55,145,75,150,40
Psyduck,3,0,320,50,52,48,65,50,55
Pumpkaboo,14,5,335,49,66,70,44,55,51
Pupitar,13,9,410,70,84,70,65,70,51
Purrloin,16,0,281,41,50,37,50,37,66
Purugly,1,0,452,71,82,64,64,59,112
Pyroar,2,1,507,86,68,72,109,66,106
Pyukumuku,3,0,410,55,60,130,30,130,5
Quagsire,3,9,430,95,85,85,65,65,35
Quilladin,5,0,405,61,78,95,56,58,57
Qwilfish,3,8,440,65,95,85,55,55,85
Raboot,2,0,420,65,86,60,55,60,94
Raichu,4,0,485,60,90,55,90,80,110
Raikou,4,0,580,90,85,75,115,100,115
Ralts,11,18,198,28,25,25,45,35,40
Rampardos,13,0,495,97,165,60,65,50,58
Rapidash,2,0,500,65,100,70,80,80,105
Raticate,1,0,413,55,81,60,50,70,97
Rattata,1,0,253,30,56,35,25,35,72
Rayquaza,15,10,680,105,150,90,150,90,95
Regice,6,0,580,80,50,100,100,200,50
Regigigas,1,0,670,110,160,110,80,110,100
Regirock,13,0,580,80,100,200,50,100,50
Registeel,17,0,580,80,75,150,75,150,50
Relicanth,3,13,485,100,90,130,45,65,55
Remoraid,3,0,300,35,65,35,65,35,65
Reshiram,15,2,680,100,120,100,150,120,90
Reuniclus,11,0,490,110,65,75,125,85,30
Rhydon,9,13,485,105,130,120,45,45,40
Rhyhorn,9,13,345,80,85,95,30,30,25
Rhyperior,9,13,535,115,140,130,55,55,40
Ribombee,12,18,464,60,55,60,95,70,124
Rillaboom,5,0,530,100,125,90,60,70,85
Riolu,7,0,285,40,70,40,35,40,60
Rockruff,13,0,280,45,65,40,30,40,60
Roggenrola,13,0,280,55,75,85,25,25,15
Rolycoly,13,0,240,30,40,50,40,50,30
Rookidee,10,0,245,38,47,35,33,35,57
Roselia,5,8,400,50,60,45,100,80,65
Roserade,5,8,515,60,70,65,125,105,90
Rotom,4,14,440,50,50,77,95,77,91
Rowlet,5,10,320,68,55,55,50,50,42
Rufflet,1,10,350,70,83,50,37,50,60
Runerigus,9,14,483,58,95,145,50,105,30
Sableye,16,14,380,50,75,75,65,65,50
Salamence,15,10,600,95,135,80,110,80,100
Salandit,8,2,320,48,44,40,71,40,77
Salazzle,8,2,480,68,64,60,111,60,117
Samurott,3,0,528,95,100,85,108,70,70
Sandaconda,9,0,510,72,107,125,65,70,71
Sandile,9,16,292,50,72,35,35,35,65
Sandshrew,9,0,300,50,75,85,20,30,40
Sandslash,9,0,450,75,100,110,45,55,65
Sandygast,14,9,320,55,55,80,70,45,15
Sawk,7,0,465,75,125,75,30,75,85
Sawsbuck,1,5,475,80,100,70,60,70,95
Scatterbug,12,0,200,38,35,40,27,25,35
Sceptile,5,0,530,70,85,65,105,85,120
Scizor,12,17,500,70,130,100,55,80,65
Scolipede,12,8,485,60,100,89,55,69,112
Scorbunny,2,0,310,50,71,40,40,40,69
Scrafty,16,7,488,65,90,115,45,115,58
Scraggy,16,7,348,50,75,70,35,70,48
Scyther,12,10,500,70,110,80,55,80,105
Seadra,3,0,440,55,65,95,95,45,85
Seaking,3,0,450,80,92,65,65,80,68
Sealeo,6,3,410,90,60,70,75,70,45
Seedot,5,0,220,40,40,50,30,30,30
Seel,3,0,325,65,45,55,45,70,45
Seismitoad,3,9,509,105,95,75,85,75,74
Sentret,1,0,215,35,46,34,35,45,20
Serperior,5,0,528,75,75,95,75,95,113
Servine,5,0,413,60,60,75,60,75,83
Seviper,8,0,458,73,100,60,100,60,65
Sewaddle,12,5,310,45,53,70,40,60,42
Sharpedo,3,16,460,70,120,40,95,40,95
Shaymin,5,10,600,100,103,75,120,75,127
Shedinja,12,14,236,1,90,45,30,30,40
Shelgon,15,0,420,65,95,100,60,50,50
Shellder,3,0,305,30,65,100,45,25,40
Shellos,3,0,325,76,48,48,57,62,34
Shelmet,12,0,305,50,40,85,40,65,25
Shieldon,13,17,350,30,42,118,42,88,30
Shiftry,5,16,480,90,100,60,90,60,80
Shiinotic,5,18,405,60,45,80,90,100,30
Shinx,4,0,263,45,65,34,40,34,45
Shroomish,5,0,295,60,40,60,40,60,35
Shuckle,12,13,505,20,10,230,10,230,5
Shuppet,14,0,295,44,75,35,63,33,45
Sigilyph,11,10,490,72,58,80,103,80,97
Silicobra,9,0,315,52,57,75,35,50,46
Silvally,1,0,570,95,95,95,95,95,95
Simipour,3,0,498,75,98,63,98,63,101
Sinistea,14,0,308,40,45,45,74,54,50
Sirfetch'd,7,0,507,62,135,95,68,82,65
Sizzlipede,2,12,305,50,65,45,50,50,45
Skarmory,17,10,465,65,80,140,40,70,70
Skiddo,5,0,350,66,65,48,62,57,52
Skiploom,5,10,340,55,45,50,45,65,80
Skitty,1,0,260,50,45,45,35,35,50
Skorupi,8,12,330,40,50,90,30,55,65
Skrelp,8,3,320,50,60,60,60,60,30
Skuntank,8,16,479,103,93,67,71,61,84
Skwovet,1,0,275,70,55,55,35,35,25
Slaking,1,0,670,150,160,100,95,65,100
Slakoth,1,0,280,60,60,60,35,35,30
Sliggoo,15,0,452,68,75,53,83,113,60
Slowbro,3,11,490,95,75,110,100,80,30
Slowking,3,11,490,95,75,80,100,110,30
Slowpoke,3,11,315,90,65,65,40,40,15
Slugma,2,0,250,40,40,40,70,40,20
Slurpuff,18,0,480,82,80,86,85,75,72
Smeargle,1,0,250,55,20,35,20,45,75
Smoochum,6,11,305,45,30,15,85,65,65
Sneasel,16,6,430,55,95,55,35,75,115
Snivy,5,0,308,45,45,55,45,55,63
Snom,6,12,185,30,25,35,45,30,20
Snorlax,1,0,540,160,110,65,65,110,30
Snorunt,6,0,300,50,50,50,50,50,50
Snover,5,6,334,60,62,50,62,60,40
Snubbull,18,0,300,60,80,50,40,40,30
Sobble,3,0,310,50,40,40,70,40,70
Solgaleo,11,17,680,137,137,107,113,89,97
Solosis,11,0,290,45,30,40,105,50,20
Solrock,13,11,460,90,95,85,55,65,70
Spearow,1,10,262,40,60,30,31,31,70
Spewpa,12,0,213,45,22,60,27,30,29
Spheal,6,3,290,70,40,50,55,50,25
Spinarak,12,8,250,40,60,40,40,40,30
Spinda,1,0,360,60,60,60,60,60,60
Spiritomb,14,16,485,50,92,108,92,108,35
Spoink,11,0,330,60,25,35,70,80,60
Spritzee,18,0,341,78,52,60,63,65,23
Squirtle,3,0,314,44,48,65,50,64,43
Stakataka,13,17,570,61,131,211,53,101,13
Stantler,1,0,465,73,95,62,85,65,85
Staraptor,1,10,485,85,120,70,50,60,100
Staravia,1,10,340,55,75,50,40,40,80
Starly,1,10,245,40,55,30,30,30,60
Starmie,3,11,520,60,75,85,100,85,115
Staryu,3,0,340,30,45,55,70,55,85
Steelix,17,9,510,75,85,200,55,65,30
Steenee,5,0,290,52,40,48,40,48,62
Stonjourner,13,0,470,100,125,135,20,20,70
Stoutland,1,0,500,85,110,90,45,90,80
Stufful,1,7,340,70,75,50,45,50,50
Stunfisk,9,4,471,109,66,84,81,99,32
Stunky,8,16,329,63,63,47,41,41,74
Sudowoodo,13,0,410,70,100,115,30,65,30
Suicune,3,0,580,100,75,115,90,115,85
Sunflora,5,0,425,75,75,55,105,85,30
Sunkern,5,0,180,30,30,30,30,30,30
Surskit,12,3,269,40,30,32,50,52,65
Swablu,1,10,310,45,40,60,40,75,50
Swadloon,12,5,380,55,63,90,50,80,42
Swalot,8,0,467,100,73,83,73,83,55
Swampert,3,9,535,100,110,90,85,90,60
Swanna,3,10,473,75,87,63,87,63,98
Swellow,1,10,455,60,85,60,75,50,125
Swinub,6,9,250,50,50,40,30,30,50
Swirlix,18,0,341,62,48,66,59,57,49
Swoobat,11,10,425,67,57,55,77,55,114
Sylveon,18,0,525,95,65,65,110,130,60
Taillow,1,10,270,40,55,30,30,30,85
Talonflame,2,10,499,78,81,71,74,69,126
Tangela,5,0,435,65,55,115,100,40,60
Tangrowth,5,0,535,100,100,125,110,50,50
Tapu Bulu,5,18,570,70,130,115,85,95,75
Tapu Fini,3,18,570,70,75,115,95,130,85
Tapu Koko,4,18,570,70,115,85,95,75,130
Tapu Lele,11,18,570,70,85,75,130,115,95
Tauros,1,0,490,75,100,95,40,70,110
Teddiursa,1,0,330,60,80,50,50,50,40
Tentacool,3,8,335,40,40,35,50,100,70
Tentacruel,3,8,515,80,70,65,80,120,100
Tepig,2,0,308,65,63,45,45,45,45
Terrakion,13,7,580,91,129,90,72,90,108
Thievul,16,0,455,70,58,58,87,92,90
Throh,7,0,465,120,100,85,30,85,45
Thundurus,4,10,580,79,115,70,125,80,111
Thwackey,5,0,420,70,85,70,55,60,80
Timburr,7,0,305,75,80,55,25,35,35
Tirtouga,3,13,355,54,78,103,53,45,22
Togedemaru,4,17,435,65,98,63,40,73,96
Togekiss,18,10,545,85,50,95,120,115,80
Togepi,18,0,245,35,20,65,40,65,20
Togetic,18,10,405,55,40,85,80,105,40
Torchic,2,0,310,45,60,40,70,50,45
Torkoal,2,0,470,70,85,140,85,70,20
Torracat,2,0,420,65,85,50,80,50,90
Torterra,5,9,525,95,109,105,75,85,56
Totodile,3,0,314,50,65,64,44,48,43
Toucannon,1,10,485,80,120,75,75,75,60
Toxapex,8,3,495,50,63,152,53,142,35
Toxel,4,8,242,40,38,35,54,35,40
Toxicroak,8,7,490,83,106,65,86,65,85
Toxtricity,4,8,502,75,98,70,114,70,75
Tranquill,1,10,358,62,77,62,50,42,65
Trapinch,9,0,290,45,100,45,45,45,10
Treecko,5,0,310,40,45,35,65,55,70
Trevenant,14,5,474,85,110,76,65,82,56
Tropius,5,10,460,99,68,83,72,87,51
Trubbish,8,0,329,50,50,62,40,62,65
Trumbeak,1,10,355,55,85,50,40,50,75
Tsareena,5,0,510,72,120,98,50,98,72
Turtonator,2,15,485,60,78,135,91,85,36
Turtwig,5,0,318,55,68,64,45,55,31
Tympole,3,0,294,50,50,40,50,40,64
Tynamo,4,0,275,35,55,40,45,40,60
Type: Null,1,0,534,95,95,95,95,95,59
Typhlosion,2,0,534,78,84,78,109,85,100
Tyranitar,13,16,600,100,134,110,95,100,61
Tyrantrum,13,15,521,82,121,119,69,59,71
Tyrogue,7,0,210,35,35,35,35,35,35
Tyrunt,13,15,362,58,89,77,45,45,48
Umbreon,16,0,525,95,65,110,60,130,65
Unfezant,1,10,488,80,115,80,65,55,93
Unown,11,0,336,48,72,48,72,48,48
Ursaring,1,0,500,90,130,75,75,75,55
Urshifu,7,16,550,100,130,100,63,60,97
Uxie,11,0,580,75,75,130,75,130,95
Vanillish,6,0,395,51,65,65,80,75,59
Vanillite,6,0,305,36,50,50,65,60,44
Vanilluxe,6,0,535,71,95,85,110,95,79
Vaporeon,3,0,525,130,65,60,110,95,65
Venipede,12,8,260,30,45,59,30,39,57
Venomoth,12,8,450,70,65,60,90,75,90
Venonat,12,8,305,60,55,50,40,55,45
Venusaur,5,8,525,80,82,83,100,100,80
Vespiquen,12,10,474,70,80,102,80,102,40
Vibrava,9,15,340,50,70,50,50,50,70
Victini,11,2,600,100,100,100,100,100,100
Victreebel,5,8,490,80,105,65,100,70,70
Vigoroth,1,0,440,80,80,80,55,55,90
Vikavolt,12,4,500,77,70,90,145,75,43
Vileplume,5,8,490,75,80,85,110,90,50
Virizion,5,7,580,91,90,72,90,129,108
Vivillon,12,10,411,80,52,50,90,50,89
Volbeat,12,0,430,65,73,75,47,85,85
Volcanion,2,3,600,80,110,120,130,90,70
Volcarona,12,2,550,85,60,65,135,105,100
Voltorb,4,0,330,40,30,50,55,55,100
Vullaby,16,10,370,70,55,75,45,65,60
Vulpix,2,0,299,38,41,40,50,65,65
Wailmer,3,0,400,130,70,35,70,35,60
Wailord,3,0,500,170,90,45,90,45,60
Walrein,6,3,530,110,80,90,95,90,65
Wartortle,3,0,405,59,63,80,65,80,58
Watchog,1,0,420,60,85,69,60,69,77
Weavile,16,6,510,70,120,65,45,85,125
Weedle,12,8,195,40,35,30,20,20,50
Weepinbell,5,8,390,65,90,50,85,45,55
Weezing,8,0,490,65,90,120,85,70,60
Whimsicott,5,18,480,60,67,85,77,75,116
Whirlipede,12,8,360,40,55,99,40,79,47
Whiscash,3,9,468,110,78,73,76,71,60
Whismur,1,0,240,64,51,23,51,23,28
Wigglytuff,1,18,435,140,70,45,85,50,45
Wimpod,12,3,230,25,35,40,20,30,80
Wingull,3,10,270,40,30,30,55,30,85
Wobbuffet,11,0,405,190,33,58,33,58,33
Woobat,11,10,323,65,45,43,55,43,72
Wooloo,1,0,270,42,40,55,40,45,48
Wooper,3,9,210,55,45,45,25,25,15
Wormadam,12,5,424,60,59,85,79,105,36
Wurmple,12,0,195,45,45,35,20,30,20
Wynaut,11,0,260,95,23,48,23,48,23
Xatu,11,10,470,65,75,70,95,70,95
Xerneas,18,0,680,126,131,95,131,98,99
Xurkitree,4,0,570,83,89,71,173,71,83
Yamask,14,0,303,38,30,85,55,65,30
Yamper,4,0,270,59,45,50,40,50,26
Yanma,12,10,390,65,65,45,75,45,95
Yanmega,12,10,515,86,76,86,116,56,95
Yungoos,1,0,253,48,70,30,30,30,45
Yveltal,16,10,680,126,131,95,131,98,99
Zacian,18,17,720,92,170,115,80,115,148
Zamazenta,7,17,720,92,130,145,80,145,128
Zangoose,1,0,458,73,115,60,60,60,90
Zapdos,4,10,580,90,90,85,125,90,100
Zarude,16,5,600,105,120,105,70,95,105
Zebstrika,4,0,497,75,100,63,80,63,116
Zekrom,15,4,680,100,150,120,120,100,90
Zeraora,4,0,600,88,112,75,102,80,143
Zigzagoon,1,0,240,38,30,41,30,41,60
Zoroark,16,0,510,60,105,60,120,60,105
Zorua,16,0,330,40,65,40,80,40,65
Zubat,8,10,245,40,45,35,30,40,55
Zweilous,16,15,420,72,85,70,65,70,58
Zygarde,15,9,600,108,100,121,81,95,95
